Variante 01
10 1 400 40000
10 2 500 100000
10 3 600 70000
10 8 40 40000
90 6 400 40000
90 2 500 100000
90 3 600 70000
90 8 90 140000
40 1 500 20000
40 6 1000 500000
40 8 2000 750000
40 9 7000 300000

Variante 02
10 1 400 40000
10 2 500 100000
10 0  
90 6 400 40000
90 2 500 100000
90 3 600 70000
90 0  
40 1 500 20000
40 6 1000 500000
40 8 2000 750000
40 9 7000 300000
40 0  


Variante 04
10  1  400  40000
10  2  500  100000
90  6  400  40000
90  2  500  100000
40  1  500  20000
40  6  1000  500000
40  8  2000  750000
50  12  90000  9000000
0      

