variante 1
90 12 100 1000
90 10 500 5000
90 8 250 2500
90 6 70 700
10 1 110 1100
10 2 230 2300
10 3 300 3000
10 4 80 800
70 11 800 8000
70 7 1000 10000
70 5 5 50
70 9 400 4000

variante 2
90 12 100 1000
90 6 70 700
90 0  
10 1 110 1100
10 0  
70 7 1000 10000
70 5 5 50
70 9 400 4000
70 0  

variante 3
90 12 100 1000
90 10 500 5000
90 8 250 2500
90 6 70 700
10 1 110 1100
10 2 230 2300
10 3 300 3000
10 4 80 800
0   

variante 4
90 12 100 1000
90 10 500 5000
90 8 250 2500
90 6 70 700
10 1 110 1100
10 2 230 2300
10 3 300 3000
70 11 800 8000
50 5 700 7000
50 4 150 1500
0   
